1|Άμεσο|79|180|79|100|Παθολογία|24|30.38
1|Άμεσο|79|180|79|100|ΜΕΘ|14|17.72
1|Άμεσο|79|180|79|100|Νευρολογία|13|16.46
1|Άμεσο|79|180|79|100|Καρδιολογία|8|10.13
1|Άμεσο|79|180|79|100|Χειρουργική|8|10.13
1|Άμεσο|79|180|79|100|Παιδιατρική|7|8.86
1|Άμεσο|79|180|79|100|Γαστρεντερολογία|3|3.8
1|Άμεσο|79|180|79|100|Ψυχιατρική|1|1.27
1|Άμεσο|79|180|79|100|Μαιευτική-Γυναικολογία|1|1.27
2|Επείγον|374|180|374|100|Παθολογία|104|27.81
2|Επείγον|374|180|374|100|Καρδιολογία|44|11.76
2|Επείγον|374|180|374|100|Χειρουργική|37|9.89
2|Επείγον|374|180|374|100|Ορθοπαιδική|30|8.02
2|Επείγον|374|180|374|100|Νεφρολογία|24|6.42
2|Επείγον|374|180|374|100|Γαστρεντερολογία|23|6.15
2|Επείγον|374|180|374|100|Ψυχιατρική|22|5.88
2|Επείγον|374|180|374|100|Ουρολογία|18|4.81
2|Επείγον|374|180|374|100|Νευρολογία|18|4.81
2|Επείγον|374|180|374|100|Μαιευτική-Γυναικολογία|14|3.74
2|Επείγον|374|180|374|100|Ογκολογία|14|3.74
2|Επείγον|374|180|374|100|Πνευμονολογία|14|3.74
2|Επείγον|374|180|374|100|Παιδιατρική|6|1.6
2|Επείγον|374|180|374|100|Επείγοντα Περιστατικά|3|0.8
2|Επείγον|374|180|374|100|ΜΕΘ|3|0.8
3|Επιτακτικό|71|180|71|100|Παθολογία|47|66.2
3|Επιτακτικό|71|180|71|100|Ορθοπαιδική|11|15.49
3|Επιτακτικό|71|180|71|100|Νευρολογία|7|9.86
3|Επιτακτικό|71|180|71|100|Μαιευτική-Γυναικολογία|3|4.23
3|Επιτακτικό|71|180|71|100|Ογκολογία|1|1.41
3|Επιτακτικό|71|180|71|100|Ψυχιατρική|1|1.41
3|Επιτακτικό|71|180|71|100|Καρδιολογία|1|1.41
4|Λιγότερο επείγον|140|180|0|0||140|100
5|Μη επείγον|200|180|0|0||200|100
